a1 = 89.3382040818
a2 = -15.9636064611
a3 = -0.397704570969
a4 = 0.989902620358
a5 = 0.0874622507522
a6 = 1.40688041315
