a1 = 89.174142084
a2 = -16.016247409
a3 = -0.691665869548
a4 = 0.00322476165958
