a1 = -0.549964671354
a2 = 17.3386821948
a3 = 1.14253730988
a4 = 0.986393558783
a5 = -0.5538369771
a6 = 1.17798071193
