a1 = -0.0930913703046
a2 = 17.6293816092
a3 = 0.769379042928
a4 = 0.0279798033599
