a1 = 23589.6508357
a2 = 9042.83849025
a3 = -0.587222164973
a4 = 1.63550902675
